enemy_color: "red"

#相机参数
exposure_ms: 10
gain: 10.0
vid_pid: ""

#串口参数
com_port: "/dev/ttyUSB0"

R_gimbal2imubody: [1, 0, 0, 0, 1, 0, 0, 0, 1]

#####-----cboard参数-----#####
quaternion_canid: 0x01
bullet_speed_canid: 0x110
send_canid: 0xff
can_interface: "can0"

R_gimbal2imubody: [1, 0, 0, 0, 1, 0, 0, 0, 1]

# 重投影误差: 0.0314px
camera_matrix: [1277.7816067347899, 0, 642.0280174716047, 0, 1277.9947129758073, 515.74013049767643, 0, 0, 1]
distort_coeffs: [-0.22011344667665755, 0.17140822043615692, -0.00018678449151255337, -0.0016394056368147154, 0]

# # 重投影误差: 0.0709px
# camera_matrix: [1293.0079316775877, 0, 641.0301794245928, 0, 1292.259697422488, 493.26306827239654, 0, 0, 1]
# distort_coeffs: [-0.078204878289746649, 0.13757903965227541, -0.00073769878869563957, -0.00054724567113507711, 0]

# # 相机同理想情况的偏角: yaw-0.90 pitch-0.54 roll0.29 degree
# # 标定板到世界坐标系原点的水平距离: 0.51 m
# # 标定板同竖直摆放时的偏角: yaw8.12 pitch2.49 roll-0.77 degree
# R_camera2gimbal: [0.01564436347592291, -0.0094715160352174654, 0.99983275815279637, -0.99986472826106809, 0.0049295109553235206, 0.015691561463454833, -0.0050773094108242916, -0.99994299352799898, -0.0093931157456294424]
# t_camera2gimbal: [0.075368216619198847, 0.0014648496765427086, 0.00088236758196906485]

# 相机同理想情况的偏角: yaw1.82 pitch-1.05 roll-2.02 degree
# 标定板到世界坐标系原点的水平距离: 0.60 m
# 标定板同竖直摆放时的偏角: yaw-1.77 pitch0.40 roll-2.95 degree
R_camera2gimbal: [-0.031074543772498978, -0.019410899802611681, 0.99932856943959314, -0.99889338086386503, -0.034711494678345778, -0.031735245446548724, 0.03530419798959572, -0.99920885159512474, -0.018310775468649364]
t_camera2gimbal: [0.057314591852143271, -0.001365302877712273, 0.058448595983447649]

# # 相机同理想情况的偏角: yaw1.96 pitch-0.15 roll6.63 degree
# # 标定板到世界坐标系原点的水平距离: 0.59 m
# # 标定板同竖直摆放时的偏角: yaw-0.29 pitch0.57 roll5.59 degree
# R_camera2gimbal: [-0.034349948570806352, 0.0013624770223567284, 0.99940893766743277, -0.99271879868819979, 0.11547486484937569, -0.034277431628922252, -0.11545331421938515, -0.99330946801305675, -0.0026139991159226938]
# t_camera2gimbal: [0.050388243715906895, -0.010316822566178732, 0.058556079779940248]

# # 相机同理想情况的偏角: yaw-0.22 pitch-1.31 roll4.16 degree
# # 标定板到世界坐标系原点的水平距离: 0.61 m
# # 标定板同竖直摆放时的偏角: yaw3.72 pitch-0.92 roll3.08 degree
# R_camera2gimbal: [0.0021971389691517896, -0.022998565371425091, 0.99973308366343805, -0.99736477770551968, 0.072447302808886227, 0.0038585629626801919, -0.072516706852763624, -0.99710704255188876, -0.022778782247005885]
# t_camera2gimbal: [0.044848204493081051, -0.00093671664933125866, 0.063895597933873283]